277 4724.00 109047.00 5452.35 10176.35
313 3304.00 113088.00 5654.40 8958.40
372 3567.00 39142.00 1174.26 4741.26
422 3685.00 44376.00 1331.28 5016.28
503 2160.00 107105.00 5355.25 7515.25
593 3721.00 27309.00 819.27 4540.27
695 4000.00 120489.00 6024.45 10024.45
742 2300.00 33434.00 1003.02 3303.02
815 4284.00 69735.00 2092.05 6376.05
909 3330.00 34823.00 1044.69 4374.69
979 2901.00 125462.00 6273.10 9174.10
987 1995.00 26789.00 803.67 2798.67
1195 2000.00 60972.00 1829.16 3829.16
1197 2133.00 104061.00 5203.05 7336.05
1223 3851.00 119335.00 5966.75 9817.75
1270 3450.00 135037.00 6751.85 10201.85
1328 3987.00 83179.00 2495.37 6482.37
1640 4834.00 20680.00 620.40 5454.40
1871 2293.00 148015.00 7400.75 9693.75
1881 3271.00 75871.00 2276.13 5547.13
1907 2906.00 118876.00 5943.80 8849.80
1924 3895.00 139829.00 6991.45 10886.45
1929 3220.00 106955.00 5347.75 8567.75
1950 4206.00 110183.00 5509.15 9715.15
2020 2900.00 120549.00 6027.45 8927.45
2102 1951.00 109201.00 5460.05 7411.05
2111 4716.00 45300.00 1359.00 6075.00
2159 4910.00 69153.00 2074.59 6984.59
2235 3961.00 122172.00 6108.60 10069.60
2605 3529.00 107515.00 5375.75 8904.75
2760 2772.00 142764.00 7138.20 9910.20
3019 2800.00 53362.00 1600.86 4400.86
3058 2100.00 135617.00 6780.85 8880.85
3273 1913.00 51841.00 1555.23 3468.23
3321 3772.00 101753.00 5087.65 8859.65
3690 3470.00 72650.00 2179.50 5649.50
3873 4084.00 44636.00 1339.08 5423.08
3929 3308.00 81051.00 2431.53 5739.53
3946 3200.00 129008.00 6450.40 9650.40
3983 3112.00 21816.00 654.48 3766.48
4008 3050.00 119751.00 5987.55 9037.55
4043 3309.00 89205.00 4460.25 7769.25
4057 4379.00 38156.00 1144.68 5523.68
4077 3738.00 71621.00 2148.63 5886.63
4166 3472.00 85652.00 2569.56 6041.56
4176 1900.00 32811.00 984.33 2884.33
4263 3270.00 110896.00 5544.80 8814.80
4477 4315.00 75178.00 2255.34 6570.34
4508 3300.00 114876.00 5743.80 9043.80
4882 3981.00 119737.00 5986.85 9967.85
