277 4724 109047 5452.35 10176.4
313 3304 113088 5654.4 8958.4
372 3567 39142 1174.26 4741.26
422 3685 44376 1331.28 5016.28
503 2160 107105 5355.25 7515.25
593 3721 27309 819.27 4540.27
695 4000 120489 6024.45 10024.5
742 2300 33434 1003.02 3303.02
815 4284 69735 2092.05 6376.05
909 3330 34823 1044.69 4374.69
979 2901 125462 6273.1 9174.1
987 1995 26789 803.67 2798.67
1195 2000 60972 1829.16 3829.16
1197 2133 104061 5203.05 7336.05
1223 3851 119335 5966.75 9817.75
1270 3450 135037 6751.85 10201.9
1328 3987 83179 2495.37 6482.37
1640 4834 20680 620.4 5454.4
1871 2293 148015 7400.75 9693.75
1881 3271 75871 2276.13 5547.13
1907 2906 118876 5943.8 8849.8
1924 3895 139829 6991.45 10886.5
1929 3220 106955 5347.75 8567.75
1950 4206 110183 5509.15 9715.15
2020 2900 120549 6027.45 8927.45
2102 1951 109201 5460.05 7411.05
2111 4716 45300 1359 6075
2159 4910 69153 2074.59 6984.59
2235 3961 122172 6108.6 10069.6
2605 3529 107515 5375.75 8904.75
2760 2772 142764 7138.2 9910.2
3019 2800 53362 1600.86 4400.86
3058 2100 135617 6780.85 8880.85
3273 1913 51841 1555.23 3468.23
3321 3772 101753 5087.65 8859.65
3690 3470 72650 2179.5 5649.5
3873 4084 44636 1339.08 5423.08
3929 3308 81051 2431.53 5739.53
3946 3200 129008 6450.4 9650.4
3983 3112 21816 654.48 3766.48
4008 3050 119751 5987.55 9037.55
4043 3309 89205 4460.25 7769.25
4057 4379 38156 1144.68 5523.68
4077 3738 71621 2148.63 5886.63
4166 3472 85652 2569.56 6041.56
4176 1900 32811 984.33 2884.33
4263 3270 110896 5544.8 8814.8
4477 4315 75178 2255.34 6570.34
4508 3300 114876 5743.8 9043.8
4882 3981 119737 5986.85 9967.85
