4882 3981.00 119737.00
4508 3300.00 114876.00
4477 4315.00 75178.00
4263 3270.00 110896.00
4176 1900.00 32811.00
4166 3472.00 85652.00
4077 3738.00 71621.00
4057 4379.00 38156.00
4043 3309.00 89205.00
4008 3050.00 119751.00
3983 3112.00 21816.00
3946 3200.00 129008.00
3929 3308.00 81051.00
3873 4084.00 44636.00
3690 3470.00 72650.00
3321 3772.00 101753.00
3273 1913.00 51841.00
3058 2100.00 135617.00
3019 2800.00 53362.00
2760 2772.00 142764.00
2605 3529.00 107515.00
2235 3961.00 122172.00
2159 4910.00 69153.00
2111 4716.00 45300.00
2102 1951.00 109201.00
2020 2900.00 120549.00
1950 4206.00 110183.00
1929 3220.00 106955.00
1924 3895.00 139829.00
1907 2906.00 118876.00
1881 3271.00 75871.00
1871 2293.00 148015.00
1640 4834.00 20680.00
1328 3987.00 83179.00
1270 3450.00 135037.00
1223 3851.00 119335.00
1197 2133.00 104061.00
1195 2000.00 60972.00
987 1995.00 26789.00
979 2901.00 125462.00
909 3330.00 34823.00
815 4284.00 69735.00
742 2300.00 33434.00
695 4000.00 120489.00
593 3721.00 27309.00
503 2160.00 107105.00
422 3685.00 44376.00
372 3567.00 39142.00
313 3304.00 113088.00
277 4724.00 109047.00